1101101110111111111111011111000110110001001011111111101111111111011101100111111111001011001111111110111111011111111111001001100101100101111111111101111111111100100111100111011111001101111111110111111110101001101001111111111111111111111111111111111111111111111111111111111111111111111111111111111111111111111111111111111111111111111111111111111111111111111111111111111111111111111111111111111111111111111111111111111111111111111111111111111111111111111111111111111111111111111 11111 0010111101110000110001
01000010101110110000000011011001000000110011101010000100001101010000001010110110010100001000110100010100010001011100010001001100100010010100110011010001000101100000001011001100011100100000101100010001001011110000000011001000101000110101011100000100011010010000010011001111000000110000010011011100000011000010111000001100001011100000110000101110000011000010111000001100001011100000110000101110000011000010111000001100001011100000110000101110000011000010111000001100 0010111000001100 10001010
11111111110110110001110100001001001100010101100010101111110011110100100010000000101001110001100111101001010100001101011000100101011111111100101100000100100101000010000101010111000101011110011111110101011010000011100001100011011000110101000100100100110100010110110110101001111110000110010110000110001001101000100111110111110011010001000100000001110010010001111011000011011101010010001001001011100100000100000101011000 1111101010001001001011100100000100000101011000 1111111011000110010100011100100
100000111010101001011111001000100110010101110100100010001100111001001000111000110001010110010111001100101000111001000101101100001100101010100111000111010010000010011111101001011000001110100000111010100011010100001110100011110100010100010011111001010110000100111000001011010111010001000011101000111010001100100011011000010101111101010110000100011001101110000010011000111010110000011 00110110001 10001101010001111010100011100001010101001
111100010001001010100110101001101111110101111000001010001011011101001111010000100011100011110010101010110111111100110000101100101010101001111111000001001001101010110101011001011110111111010100010001010100110100111101011101110101010111111110101011101011101110101010111111110101011101011101110101010111111110101011101011101110101010111111110101011101011101110101010111111110101011101011 101110101010111111110101011101011 11100000001001010101
101010000101110101100001111011111000100101000011110010010011001101001101001000111010001110001111000100001100001011100100011110000111001010010011000010100110110011111111010101001011110101100000010111101110010101111101011100001110111010100111100011111010101111111110011010111110100000011110100111011101011011101011111100111000101101110101010000001000100110100111011101101100100100011101110110100101110001100111010110010011100111011100011111101100011110111011010110111111111 0011101011 000010001010010011010100110111
00110000011101111001111111100010000010111101110000011000111010100100111101101000111110111111001001111001001011111001111000001110011100110010101110110010010010100101010111110110011111101001111010111111011100011100011000100111110000101100001111111100011000010010100110011111010111011011011111111000110001101011111010011111100011000110101111101001111110 001111011100000010100110000101010111110111 0011000110101111101001111110
1001110110101101011111111110101101001100111111111011101111111101111111111111111111111111111111111111111111111111111111111111111111111111111111111111111111111111111111111111111111111111111111111111111111111111111111111111111111111111111111111111111111111111111111111111111111111111111111111111111111111111111111111111111111111111111111111111111111111111111111111111111111111111111111111111111 10010000101110100000011101001 1
111010101010000101110101100101001000001111000111000000100100111111101110111110011101011010101010000010110001100111111111100111 11110000011011011000111001000001111010 01011010101010000010110001100111111111100111
101000101000101000101000101000101000101000101000101000101000101000101000101000101000101000101000101000101000101000101000101000101000101000101000101000101000101000101000101000101000101000101000101000101000101000101000101000101000101000101000101000101000101000101000101000101000101000101000101000101000 00100010100010001010110100100011110100100000 101000
01010101111000000001110011101000011110011110001001100101000110001111100001111000000010110011101100011000101001110000111100000001011001110110001100010100111000011110000000101100111011000110001010011100001111000000010110011101100011000101001110000111100000001011001110110001100010100111000011110000000101100111011000110001010011100001111000000010110011101100011000101001110000 1111000000010110011101100011000101001110000 0101001011
10000101111100110011011001101000101000101011101111010000001110000111010010111100001011001000111110011000001001111100011101101010010010100111010011000110101011011000001100111010001001011010110101110000011100011100111000101001111000011100110110001010011110000111001101100010100111100001110011011000101001111000 10000111011010100100101110101000011000111001100101 01110011011000101001111000
0001011100001111001110100101010000010001111111001001101111100000100001001010111000100011110001010000011100010000100111111100011001000000011101111001000001000101111111011000001000000101111110010001100111101000000110010110100111000001000111111101110000000011011000010110101000001100111010110011010000101110010011100100100000101111111100001001000000111010 0111100100111111000100 00000111010
01100110011101010111110110101100110000011110010110010110011011111101010010101010011010011011000100100001111001100100011110110011011001101101010011100110101010100110010011001001010100111000001110011100000011010000000111010100010001100111001111001000001110000101010010111100010001100001011011010000001011111101010011010111001110111011000101010111010110010101100010110001100100110101000100000101000110000110010001100111111010110001100110100011001111001110001 1110010111111010010000111001010000010 0101010110010100111101001101101000011110100101100
11011001101000110011000000101100110111010101111011010011111110001010010000101100001010101000111011101000111011000000110110101010111111111010010110101101010001000011000101100101010011010001101011000101010111010101100010110111101011001110010110110100010001101011111000111100011101001011101101100000111101000000010100010001000010000000101100111101000100000101010101110100100001101111001111101111001010100100100100010011000011010100110111111111010111111011011100000000101 1000101101100111010111101000100111 001001010010011000000
1011011001010110100110001010101100011101000101101001001011010100010111001100011000110100101101010100010101010110000101110011010100000110110101011010010001001110100110101001010010011101000101100101010100111010100010100111001100101110100001010011011000011010011011000100011010101011100100010101011001100110101001101000110100110101101001101011010011010110100110101101001101011010011010110100110101101001101011010011010110100110101101001101011010011010110100110101101001101011010011010110100110 1010101000 10110100110
1001110101011010111101010110110001010111101100010101111011000101011110110001010111101100010101111011000101011110110001010111101100010101111011000101011110110001010111101100010101111011000101011110110001010111101100010101111011000101011110110001010111101100010101111011000101011110110001010111101100010101111011000101011110110001010111101100010101111011000101011110110001010111101100010101111011000101011110110001010111101100010101111011000101011110110001010111 10110001010111 010111111100
10010000100001100000111010100111000110010001001001000010010110000111010000001011001010000100010000011000101100101001001001001001000110010110000101010001000001010110010010011010000100010100010001101000001000011000110000110011000011000001110011010001001001001001000001110001011000110000001100100100001001010011000100010010001001100010001001000100110001000 1001000100110001000 100000100011100100111001010000011100110000101001
1010101001110111100110111101110010010001011000001000000100110000000111111011110100100100100001001100000001111110111101001001001000010011000000 1011010010100111010001100000 01111110111101001001001000010011000000
0100111110000111111001110101101011101111010011101011101010011111001011100111001011110110011001111110111000101111100110011011111000101111101010101011110111100001111110000111101111010011100111110110110001111110001011111000011111100001111010100111101111100111010011011111101110111011101110111011101110111011101110111011101110111011101110 1110 000111
1111100111101000100100011011111000001101111100000110 1111100000110 1110010100101
00100101111011001100110001011010111110010001101100010001000111011100010111110110101100101010001001111101101011001010100010011111011010110010101000100111110110101100101010001001111101101011001010100010011111011010110010101000100111110110101100101010001001111101101011001010100010011111011010110010101000100111110110101100101010001001111101101011001010100010011111011010110010101000100111110110101100101010 00100111110110101100101010 01100010001111110001
10101111111101000010001011000100101001000000110101001010011011111101110010111100100000010010111000101000000100010010011001101001110001100110011110001110110110101110110011101010110110001000101011000100001011110010101101101111101100110011011111110001011000000010111010100011010101010000110111110010101111011010111000000010001100001011011100001111111110101111110010101111101010100111111000110000000001111111010101010100100011001111010110100111011110011010110000100110111011000000000110011001111 0 1101000000
011110001110111001101011101101010111100011000101011001011000001001001101111100101011101101100111101100010010100110001011011010101101000110100011111100101101010110111000011011001100100101011100110111110000010100101001111011001011011011010101010000110101110011100011001010001100110001101101011011011110010110011000110110101101101111001011001100011011010110110111100101100110001101101011011011110010110 0110001101101011011011110010110 111101011010101000011010001000
101010001100010100100110011111000010111001111110100100010010101010001101111010100110111000101010011101111001101001000001101110110010001101101110001011100110010100100011011011100010111001100101001000110110111000101110011001010010001101101110001011100110 01010010001101101110001011100110 101010000110111
010000100011100111010101000101010000100011100111010101000101010000100011100111010101000101010000100011100111010101000101010000100011100111010101000101010000100011100111010101000101010000100011100111010101000101010000100011100111010101000101010000100011100111010101000101010000100011100111010101000101010000100011100111010101000101010000100011100111010101000101010000100011100111010101000101010000100011100111010101000101010000100011100111010101000101 010000100011100111010101000101 11101111101000011011100111
1011111101101101011110010000111000001100000110111111001010101110110110101010010001001110111000111111111111110000001100101100010010101100110000010010110111101111111100011101011100011001110000000110101011101001001111000010010111100011000001100111101001000011001101011010111110111110111010111000000111000110011011100000001101010111011001011011010101000011000011111001010010000001111000001010101000111101101101010011010101101110110010000000000011000010000101011 100001101000100011110100010000010110 10011001011110101001111010011100001011011000
111111111111111111111111111111111111111111111111111111111111111111111111111111111111111111111111111111111111111111111111111111111111111111111111111111111111111111111111111111111111111111111111111111111111111111111111111111111111111111111111111111111111111111111111111111111111111111111111111111111111111111111111111111111111111111111111111111111111111111111111111111111111111111111111111111111111111111111111111111111111111111111111111111111111111111111111111111111111111111111111 1 0011
1111000100000111110100100101101001000010010000100100001001000010010000100100001001000010010000100100001001000010010000100100001001000010010000100 10000100 11100100111110111
001111101010010010011000000101001000000110000101100100111101011100111010110101011100001011000110001000001101111010110101011100001011000110001000001101111010110101011100001011000110001000001101111010110101011100001011000110001000001101111010110101011100001011000110001000001101111010110101011100001011000110001000001101111010110101011100001011000110001000001101111010110101011100001011000110001000001101111010110101011100001011000110001000001101111010110101011100001011000110001000001101111010110101 011100001011000110001000001101111010110101 011101010000010000010011101011101100
101001101100101001100010101001101100101001100010101001101100101001100010101001101100101001100010101001101100101001100010101001101100101001100010101001101100101001100010101001101100101001100010101001101100101001100010101001101100101001100010101001101100101001100010101001101100101001100010101001101100101001100010101001101100101001100010101001101100101001100010101001101100101001100010 101001101100101001100010 100100011011010000011111100101100010101
111111111111111111111111111111111111111111111111111111111111111111111111111111111111111111111111111111111111111111111111111111111111111111111111111111111111111111 0001000110111110000001011100100110111011001101011 11
01001110001000111011011111001010110010010110011100110110010111001011010000011011010001010001110101100100110101100000111111111010101110111111011000011100101110011101000111111110101011101111110110000111001011100111010001111111101010111011111101100001110010111001110100011111111010101110111111011000011100101110011101000111111110101011101111110110000111001011 10011101000111111110101011101111110110000111001011 00011001
010000011010110100001000110101011111001101101101000101100101011101110100001111000010011001110011111110000011111010010100111110100000100011101000100111001111011011110001010011000000101001011100001010111101101111111100111001011000010001100000100111000001101110010111110010101001110100000111011011000000101101011111100010001001000100001100110011111011000000100011011001011111100111000000110101010111101100011111100000000001110110011111011011010111011111011001100110101 001110101001111100101110111111101001 11010001100101010101001011110
11010100111101111111001110111001111011100101100100101000101010110111011010100111111001010001111010111010011100011000010101110010111111111010100010001010101010111100001001110111110110110111001100000011100000011110011000011000101111011101011100000110001111100101000110110101001101010010001001110110101110111110100101110100000100101011111111011000111011100110011101110000110010101100111010000111011011111110110011110011000100011110011001000100 11001010111010011001011100000001010 0101010101100111010011010010110000111010
0010000101100000100110011101011100010101010101000101001111000110011011101001001100001010001010111110001110101000100010100111110000110010100111001100100111010110011000101001101011111100000001011111010001010000100101111111110101100011011010000011111110000111011010010111001111101101100011100100101011110000010001110110100001000100111001010111011110100011010010110100100010100110000010011101001011010011111111000001000011100110110101101100110101010100101000001000001011011110 00110011111100101001100000 00110111110000011010101001111
100001001000001010111100001001000001010111100001001000001010111100001001000001010111100001001000001010111100001001000001010111 01000101 100001001000001010111
01101011010101001110001001010111101010001100001111111110011001010001010000001111111101001010000001111011111011010001001101000001110101111010010010001000111111111010001100001010110110010011101100010100000110111111110011000011010000111111100001010100110000100101111011001110101001010100000011101111110000101111001001000011011010111010010010000111101111001010010010011101101111100100100011111101001000111111010010001111110100100011111101001000111111010010001111110100100011111101001000111111010010001 11111010010001 0101010000110100010111010
100101100101111101010010110110001101010101110001011101110011100100101011001100010111011110010110001100110001110001001111100011011101101100011010000110011001110000011111000110000001110111110111001001111010111001101001000100100111010110111100010010000110110101111011011101000000101001101101000110000101101011100100101010111010100001000001010001101110001101111110110111010100101100111100000100010101110010011111110010000101111100110111101111100111100101011111101010001000011100 010001110101111100101100 110010111111100100111101001
111010001101101001110010101110100011011010011100101011101000110110100111001010111010001101101001110010101110100011011010011100101011101000110110100111001010111010001101101001110010101110100011011010011100101011101000110110100111001010111010001101101001110010101110100011011010011100101011101000110110100111001010 11010101101011010111100000011100010 11101000110110100111001010
01100100111000001110000101101101111010101100111100011111000011111000100001011110011011101101011110010010001000101110111011011100000101110110101111001001000100010111011101101110000010111011010111100100100010001011101110110111000001011101101011110010010001000101110111011011100000101110110101111001001 0001000101110111011011100000101110110101111001001 011010011100011010101110101
0110111101110011010111110001111110111110001011101011010111010111100011001110010101011010111010111100011001110010101011010111010111100011001110010101011010111010111100011001110010101011010111010111100011001110010101011010111010111100011001110010101011010111010111100011001110010101011010111010111100011001110010101011010111010111100011001110010101011010111010111100011001110010101011010111010111100011001110010101011010111010111100011001110010101011010111 010111100011001110010101011010111 11011
01010001111111001111001001011010101110111000001011001101110100001111111001101111010110000011111101100011101100101011110010110000101111111110001011101101011010000111111110111000101010111011000010001111001110000001111100000110001000111100111000000111110000011000100011110011100000011111000001100010001111001110000001111100000110001000111100111000000111110000011000100011110011100000011111000001100010001111001110000001111100000110 0010001111001110000001111100000110 11111010
0101111111111011111111111111111001011011101111110111111100111011101100111111110111111111111111110110111111011101011111101110011100111111111111111111111111111111111111111111111111111111111111111111111111111111111111111111111111111111111111111111111111111111111111111111111111111111111111111111111111111111111111111111111111111111111111111111111111111111111111111111111111111111111111111111111111111111111111111111111111111111 1 001110111111100101001111011001100
01011011010011111111011101011001111101101011001111011111110111001001010110111110111111011000111101011101111111101001010010111101111100101101111101110011110111111100101000111101111011011011001111111110101100100111111101011010111111001101101011011101110011111011100110111111001 0101101101111101100110111111001 1101001111
110000110001101010100111000101100111100010011110001000000110001000111011010000001011101001101001101010110000001100001000110011111010111011011100010010010000100101101111010110000110101001111111101111011010001011000111101011100111110110111101101111011111011110011000001001011111110101001011111010111110010100100101000111101011100000101111010100001010001011100101100101001101100000111110111001101011001001011111100100000100100100000110100111110110111010001101100101111000001 0000110010100101101 111110000110000010111111111111
0101001001110111101011011011010000000001111111100011011111000000001000001101111101101010101001010101101010111010111000010101110010111011010101110101110000101011100101110110101011101011100001010111001011101101010111010111000010101110010111011010101110101110000101011100101110110101011101011100001010111001011101101010111010111000010101 11001011101101010111010111000010101 000011111001110000
000000010010110011100011001010110101111000001011111001001001000100111100101100101010010101110111001011110110000001001011011010110000000101010111111001011001010010100010110110111100001100111000111010010100010111111011100100011000011011000110011101100011110001110010111110111 00000011011000110011101100011110001110010111110111 00100101010011100011011001000001111001011
1010110011011111110000010011101000011000100100110111111111001011010111111100111011000001110111010111000100000011000010000110010010110100001100011001000010011001101000000111000010000110001000011011100011111000001100101001101000011111110111001000101001100111100011101100111010111011011111000110100001100101010001011011000110100011000110000010000110100111011110101010000110110100101111111001011011110100111001100100100001000010000101110100111000011110011110011 10100100111101011011100001010100101110100001 1001111110100011100111011000011100100000001
1111011001001011101010111111000000010100101000010001011000101111000110100001111100000010011110010100100011110100100100111011110101100011000110001010000110011100011110110011101011001001000100000001000000010000000100000001000000010000000100000001000000010000000100000001000000010000000 10000000 1111101
10000111110110101001011100111111001001010111110001110001011111100101100010111011111000011110011001011111100110100111001011100110111001110000111110011011001101101110011001101111000011101001111101000110011111100101001111001001111001001111001001111001001111001001111001001111001001111001001111001001111001001111001001111001001111001001111001001111001001111001001111001001111001001111001001111001001111001001111001001111001001111001001111001001111001001111001001111001001111001 001111001 10011101
101100010001011100100100011101111101100010001011100100100011101111101100010001011100100100011101111101100010001011100100100011101111101100010001011100100100011101111101100010001011100100100011101111101100010001011100100100011101111101100010001011100100100011101111101100010001011100100100011101111101100010001011100100100011101111101100010001011100100100011101111101100010001011100100100011101111 101100010001011100100100011101111 11111000010001101000100101011101000010101100010
001111010101111011001011010100101010110100110100110011111010011110111100011101101000111110010100111001010110110011100001110101111011100111010111101000011110110100001111010011110000011011111001111011000011100011101010011011011100111101100111000001111010111010111101100111010010011101101010101011000000111111101011010101100010101100001111011101001100010101100001111011101001100010101100001111011101001100010101100001111011101001100010101100 10011101 001111011101001100010101100
011011001111101011101111001010100010111110011011101111111001011110101110011101010010111101011011110101101111010110111101011011110101101111010 1101111010 01010101111100101000101101111101100110001
101001110110010110110111101000000110110101000010011010101100000011111000101010100000101111010111110010111000101101001100001110101000010011101100000011001111010010100011101110010111010001111000001110001111010010100011101110010111010001111000001110001111010010100011101110010111010001111000001110001111010010100011101110010111010001111000001110001111010010100011101110010111010001111000001110001111010010100011101110010111010001111000001110001111010010100011 101110010111010001111000001110001111010010100011 001011011011100001010010010110001001
011111010011110111110111111111111100000011000100111111100000011000100111111100000011000100111111100000011000100111111100000011000100111111100000011000100111111100000011000100111111100000011000100111111100000011000100111111100000011000100111111100000011000100111111100000011000100111111100000011000100111111100000011000100111111100000011000100111111100000011000100111111100000011000100111111100000011000100111111100000 011000100111111100000 1
11101100000100111110110111110110000010011111011011111011000001001111101101111101100000100111110110111110110000010011111011011111011000001001111101101111101100000100111110110111110110000010011111011011111011000001001111101101111101100000100111110110111110110000010011111011011111011000001001111101101111101100000100111110110111110110000010011111011011111011000001001111101101111101100000100111110110111110110000010011111011011111011000001001111101101111101100000100111110110111110110000010011111011011 1110110000010011111011011 11011010
1011111000000000000011100111100000000101011000000110100110110011011001011001100011100010011110111000110000110000101001010011000010001010001111010011101001011110011000001010001100011100001110100100101001001101001110000010111011111010001011011000011000010010101100100011100101100000100101001000010110110110000100111011100101110110010011111111101001100101111101111100100001101000000000111010010001000101000011101110011111010111000011011101101011011101010101111010010 1 01011110000110001010110011110110111101
00001110100010100111101001110100011000110111011111001101010111001000000110110000111101001011001101101010100111010100111001011111000011110001111101000001101010010000111101111010000100010111101101001111111010110000010111111011000001001001010010011011011000010111010111111100010101111000100000111100111010010000100111010011010101011111010101100101111110010111000100100001001010010111000101110111100011101000010010100101110001011101111000111010 00010010100101110001011101111000111010 01101001111010110001111100100
0100000000001010011010001000101010110000011000111110000101110101001010000000000011010001011000010100110000111010000001001110110001110110100000000010010010001110010101000000011000111100111010111000000001110000110001000011010000000011111010110011100001000100001011000001110110010000000111101100011011100000000101010100000110001101000011000110000000010101010000011000110100001100011000000001010101000001100011010000110001100000000101010100000110001101000011000110 0000000101010100000110001101000011000110 1000010010011010000111101101
000100011011100001011111011110111001111010101000100010000100110001011110101101011110001100110000101010001111111011100010111011100000110111011001001111000000101010110101111000101110000010110111101100101000011101111011001010000111011110110010100001110111101100101000011101111011001010000111011110110010100001110111101100101000011101111011 000111100111110101110100010000000110111100111000 00101000011101111011
1011011110110011010100101111011001101100000101000101100111010011001100000101011000001111011010111110001100111101110010101111101010111011000111111000011111100010010110110111111111010001100010101000100000100001001010110011010001101000100001110101101011000100100000001101101100010011001101110001111001000010111110011101010111001010110100010101110111011110001100110001111001111001011110111111000110000010100110000001111101100001111000001010010111110000101111101101001011 010110010 11110001010101101000111011110010011
101101000101111000111000011000011111010101110011000010001010110101000010011101100111001001100111011001000010011101100111001001100111011001000010011101100111001001100111011001000010011101100111001001100111011001000010011101100111001001100111011001000010011101100111001001100111011001000010011101100111001001100111011001000010011101100111001001100111011001000010011101100111001001100111011001000010011101100111001001100111011001000010011 101100111001001100111011001000010011 100101011000011101011001001000010110110
1101110111100101110101000110000100111101111110101000001011101110000011100100001011011111001000010110111110010000101101111100100001011011111001000010110111110010000101101111100100001011011111001000010110111110010000101101111100100001011011111001000010110111110010000101101111100100001011011111001000010110111110010000101101111100100001011011111001000010110111110010000101101111100100001011011111001000010110111110010000101101111100100001011011 11100100001011011 1101011101111010011000111101100000
10101101010100111111000100110101000110111111010000101001100011011111111100101011000001111001001101100001110011100111010001101010001101111001110011111001101010100101000011111001101101110001111001111010001010001001101101101000111001001011111101001111011010000000010101110111101110011100110101011100100001001111100100011111011010011010100100110001010111100000101010111100101110000011000101110001010111100000101010111100101110000011 000101110001010111100000101010111100101110000011 11110110011101010101001111100100111111010110000
00010010111100101101100001101001001010011011111001101101001111110001100111001111101000010001001001101111011000000010000011010010101100111011111110110001010100011101011101110000000101011111110100111110101011110110111111110101011000101001011101010111010011111011001100100110010111011011000010101110010110101100101010100111001010001000011000110100011101011101100110110110011000001110100101100011100011111111011110110110110111010101110101101010001101100010010000 0100001101 1001100010000101101111110100110111111011100
1011001100110101100010101100101010101010101101010100010011100100000111001010110011011101000100010001000100001101011100000011011110001001110110001101000101001001010000100110001100000000000000110001101001111001011110101110110000110000000110011010110110110010110010001011001000101011100100111111110100010011010010100110000 00 1011110
0000111111101011010110100100111110011001010011010110101101010100000010010010001011110011000010110110110101111101111000111000001011100101001000000101001111110011001011110000101001111110011001011110000101001111110011001011110000101001111110011001011110000101001111110011001011110000101001111110011001011110000101001111110011001011110000101001111110011001011110000101001 00001110011101011101101000100100000 111110011001011110000101001
11111001010001001011101110111110010100010010111011101111100101000100101110111011111001010001001011101110111110010100010010111011101111100101000100101110111011111001010001001011101110111110010100010010111011101111100101000100101110111011111001010001001011101110111110010100010010111011101111100101000100101110111011111001010001001011101110111110010100010010111011101111100101000100101110111011111001010001001011101110 11111001010001001011101110 00110010100101100100100000100001101100000
010010010010100000001011101110101000100101100001100011011110100010110101011101110101101000010001001110011011111100100010000100100000001001101000011100111110010000111011110111001110101100010011100100100111111010010000001100011011110110110100001001001111110100100000011000110111101101101000010010011111101001000000110001101111011011010000100100111111010010000001100011011110110110100001001001111110100100000011000110111101101101000 01001001111110100100000011000110111101101101000 01000101000000011000111011110000010111011010010111
1000001101111101110000001001110001011100101000110111010111001001001100110001110101010110110101000101111101111011011001101011100101000000101110011110000101111100110000001 101 11011111011110000100000011010100110101110010010
1001101111101111111111110110010111110100010111001111110101111111001111011101111111110111110110110111101111011001111101001110011010110111111011111101111110011010111011001011101000100000100011101011001101011101 1001011101000100000100011101011001101011101 1
111001010010111011110101011011101011101101011110011000101111110111100010011111101101110001011101111110110100011110111011001111010101011111010101111001111111010001111001101011011101110001110101011101011110111001100001111111110101111111010111111101011111110101111111010111111101011111110101111111010111111101011111110101111111010111111101011111110101111111010111111101011111110101111111010111111101011111110101111111010111111101011111110101111111010111111101011111110101111111010111111101011111 1101011111 10100011
010000001110010011010110010111110010111011110100010100000011100100110101100101111100101110111101000101000000111001001101011001011111001011101111010001 01000000111001001101011001011111001011101111010001 001100101100000
0010110001010011111011001111111101001011001000000110111101110101010100100110110111001010111110101100011111110100101000111001111101011000111111101001010001110011111010110001111111010010100011100111110101100011111110100101000111001111101011000111111101001010001110011111010110001111111010010100011100111110101100011111110100101000111001111101011000111111101 00101000111001111101011000111111101 1001101111011110001000001011100011110011
10000000000001000001100010100011110000000000000010000010101100111000000000000000000000000000000000000000000000000000000000000000000000000000000000000000000000000000000000000000000000000000000000000000000000000000000000000000000000000000000000000000000000000000000000000000000000000000000000000000000000000000000000000000000000000000000000000000000000000000 000 1000010001111111
01010111010000000001010000111011100100010010000111001000110011110101000000000110101100000000011011101001010001010000011001001110100000110101100000110101000001101010000011010100000110101000001101010000011010100000110101000001101010000011010100000110101000001101010000011010100000110 10100000110 001111000001000001111001000100011101
010011110111100110011010100101011100010100010101000010010000010011111110101001110110011011000101011011100010101000101000000010100001110111110011011010101100000010000000010111110011011010101100000010000000010111110011011010101100000010000000010111110011011010101100000010000000010111110011011010101100000010000000010111110011011010101100000010000000010111110011011010101100000010000000 010111110011011010101100000010000000 011010100011011
1001011010111011111101011111011110011010100010110111111100100010100011110111101000001011011111110010001010001111011110100000101101111111001000101000111101111010000010110111111100100010 101110110111 1000111101111010000010110111111100100010
00010100110001000011000000010010001100000000001001011001000000100000001100001000010101000000100000000000000000000000000000000000000000000000000000000000000000000000000000000000000000000000000000000000000000000000000000000000000000000000000000000000000000000000000000000000000000000000000000000000000000000000 0101110001001100101110000001 000
1001110011101000101100011000111110011100111010001011000110001111100111001110100010110001100011111001110011101000101100011000111110011100111010001011000110001111100111001110100010110001100011111001110011101000101100011000111110011100111010001011000110001111 10011100111010001011000110001111 011010001111101100101000001011001010010010110000
011010101011000001001101110111000111011011110000101010111111100101111000101101000011110100001100111111001101111111011001001101101000011001110110100100011111010000110111100111001111111110001001101001001010110111010100100101111010000011111011111100011011111001011010101000111010111111001101111100101 1010101000111010111111001101111100101 0101100001011110
01110101110010011111001011110011000110001110000001111100010111110010110000011100011110000111001010011111000011010110111001000110111111100010001110001100101001011100001011111011011100100011100010001001101111010101001100111010010110011111100101010010001101000011101001110111010110100001001011000100111001101 11101100100111000 010111110010000110001111011000100010111001101
000000000000101110000000000100010010001100001100000100000100000001011110011000000000001110000100000000101001010000101100100100000100101101011 0 000011110000111011011101000101111011
00011001100010011010111101111001100110010100011100100111100011100101101001101010101001001110001111010100101000011100000111001101011000010010000010100000010011001000011001111100000111100011000010101111011000001111101000100011010111011000001111000100010100010111010111001111110101001000101111101101000110001010110011000101010011000011001110001111011110101101011101010110100000100010011001110110111100001110001010100010010011111011011111111001100110100011110 101110100101110 1000001110111111100111000000010111011101000110
10100100001111010010111100101110101110010001001000100100010010001001000100100010010001001000 10011110111 1001000
11100000101011110011001110011101010101100111010000010011100010000111010010100001011111010010000110100010011011100001110001010010101001011001100001111010000110000101001010111001111111010001011011101000001110011001010001000110111100101110010101101001000001111110110101011000100000111110110010010011100101100100011010110001010100001001100001001100101000010001101100100110 00101111100011010000 11000111011100011
111100000101000000011100011010000001011010000101100111111001111110111011110110011000011001011101110010000010000101000010111010100000000101001111001101111000001010101011001011101010110111110000010110100010110101001000000111000100100100010001101110010001110111100101001110011110001011100011011011001010010001101110100110000110001000111111001110110100010110111111011111101000011101110101001111111110111010000100111110100111001010010000100111101100101100110010011010011111011101 101011010011101010111100101 00010000001011100000011
010011001010110011111000111000110100110010101100111110001110001101001100101011001111100011100011010011001010110011111000111000110100110010101100111110001110001101001100101011001111100011100011 1101000000010000111000100111110110111011 01001100101011001111100011100011
100011000010111001100110101101011001000011010000000110000011111011011101001111010010001001111010011010010101111001110001101011110000100100011100101101010010010001100110100011001000010000000101001110001100101111110110101111111000011101111001111100100110100110100101111000000001110001010000011011111010000001111100011111011110101000101100110001100001001011111111100000111101010010011000100111011110011111110001010100111100101010101010001100101011100001010110 01100011110101111000000011 11111100011011110100
100000101111110110100111111101010010010010111100101100011101100111001101000010101101111001000011111101011101010111110101110010101011101000011101101010100011101111001000011010110011010001011110111001111100100111011010001101101011110011010000111101110101101000100010101111101011101011101011101011101011101011101011101011101011101011101011101011101011101011101011101011101011101011101011101011 101011 00001111010111101001010001101010001101100000101011
100111011100101100101011110010000111110110000010000100010011110111111111011100111010101011111010100110111011110110101111111011110110011101100000100010011011000101000000011101011111010101001101000100011111000111111001010110001000000001000010111101000101100010010111101000101101 101010110111001001 111001010010110110000100000000
000101100101101011101011011101111100001000110101011111011110111100000110010111010110111011110110010101001101011101100111111100011100001001110101111111011101110111011101110111011101110111011101110111011101110111011101110111011101110111011101110111011101110111011101110111011101110111011101110111011101110111011101110111011101110111011101110111011101110111011101110111 0111 00000010101111
0100001000111101011011100010110100110000010001001101110110011111101111010000101001000111011100100100010111011100010011010101010001011100100111011100110010110001000111111101101010101110111000001110011001000100011000011010110111111000000011110101101101101100001111100000011000000100010101001111010000000011001010011010110010010001000111011110010010011101010001101111000001101001010100110101110010110010100011000101111110010010100111000101110001110111000101101 10100101000010110111110 10011001011010011101101101010101101001101001
11100110100100011111111101100001001100011110101101010100110101010000000000011100101010100111000001110101010100111000001110101010100111000001110101010100111000001110101010100111000001110101010100111000001110101010100111000001110101010100111000001110101010100111000001110101010100111000001110 101010100111000001110 11010011111101100111001110100100000000
001011101010001101101010111101110101110000001011000110110101100011100101101010111010001110001011100010111010111101101011001101110011111001011010111101011000100010111010010110110110100010111011010100111010000001111010010101011101110110100011110110011010101000111000011100010110101000110010101000000110001010100011001010100000011000101010001100101010000001100010101000110010101000000110 1110 0010101000110010101000000110
1100110100010000111101101100010101010000001001010000010000010100000011011110010000101101100110101000101000110111001100001111101000001111001110010111011110110100100110011111101001110101101111000000110101000111001110100001111100011010010100010100001101000101101101111010111011111110010111000111110100011111101001100010110011001011001101000011110101100010110010011010000011101101001101110100100000010100001001100001000111110010110101101111010111100101100100011110101000110110010001001010 11110101111110000 00011100101010
110011000101111011001011101001011011000110101100010111101110000110011101101011001011011001110101101101011011001100001101111100111011010101110000000100101011110111001110101111011111001111010110000100010111010110000111111111100001011000011011010010111001101110111101011111011100101000101110110011111011100101000101110110011111011100101000101110110011111011100101000101110110011111011100 10110000101001111100000011011110011111 101000101110110011111011100
0000110111100011011010101001010000001100001010101111110100011001111000101001101000100010111100000101011001100101001011011110000111001010110100010001000111110001010000101001001101101101111001001110010011100000101100010111000000110111101010100001011100110010000101110011001000010111001100100001011100110010000101110011001000010111001100100001011100110010000101110011001000010111001100100001011100110010000101110011001000010111001100100001011100110010 0001011100110010 01100110101101000011000010111101
0000010100101011000010101000010100110000010101101000010010100100010011011000010001010101010001001110000000101101000100110100101000010011000001100100110001010100001101100010001010011000100100101010100010001010101000100100010100100110100001011010010001000110010100101100010110001011000101100010110001011000101100010110001011000101100010110001011000101100010110001011000101100010110001011000101100010110001011000101100010110001011000101100010110001011000101100010110001011 0010001010010000101 0001011
